ID,Pais,Latitud,Longitud,Date,InfectadosAcumulado,InfectadosDia,MuertesAcumulado,MuertesDia
1,Mexico,21.6345,-102.5528,2020-02-27,0,0,0,0
2,Mexico,21.6345,-102.5528,2020-02-28,1,1,0,0
3,Mexico,21.6345,-102.5528,2020-02-29,4,3,0,0
4,Mexico,21.6345,-102.5528,2020-03-01,5,2,0,0
5,Mexico,21.6345,-102.5528,2020-03-02,5,0,0,0
6,Mexico,21.6345,-102.5528,2020-03-03,5,0,0,0
7,Mexico,21.6345,-102.5528,2020-03-04,5,0,0,0
8,Mexico,21.6345,-102.5528,2020-03-05,5,0,0,0
9,Mexico,21.6345,-102.5528,2020-03-06,6,1,0,0
10,Mexico,21.6345,-102.5528,2020-03-07,6,0,0,0
11,Mexico,21.6345,-102.5528,2020-03-08,7,1,0,0
12,Mexico,21.6345,-102.5528,2020-03-09,7,0,0,0
13,Mexico,21.6345,-102.5528,2020-03-10,7,0,0,0
14,Mexico,21.6345,-102.5528,2020-03-11,8,1,0,0
15,Mexico,21.6345,-102.5528,2020-03-12,12,4,0,0
16,Mexico,21.6345,-102.5528,2020-03-13,12,0,0,0
17,Mexico,21.6345,-102.5528,2020-03-14,26,14,0,0
18,Mexico,21.6345,-102.5528,2020-03-15,41,15,0,0
19,Mexico,21.6345,-102.5528,2020-03-16,53,12,0,0
20,Mexico,21.6345,-102.5528,2020-03-17,82,29,0,0
21,Mexico,21.6345,-102.5528,2020-03-18,93,11,0,0
22,Mexico,21.6345,-102.5528,2020-03-19,118,25,1,1
23,Mexico,21.6345,-102.5528,2020-03-20,164,46,2,1
24,Mexico,21.6345,-102.5528,2020-03-21,203,39,2,0
25,Mexico,21.6345,-102.5528,2020-03-22,251,48,2,0
26,Mexico,21.6345,-102.5528,2020-03-23,316,65,4,2
27,Mexico,21.6345,-102.5528,2020-03-24,405,89,5,1
28,Mexico,21.6345,-102.5528,2020-03-25,475,70,6,1
29,Mexico,21.6345,-102.5528,2020-03-26,585,110,8,2
30,Mexico,21.6345,-102.5528,2020-03-27,717,132,12,4
31,Mexico,21.6345,-102.5528,2020-03-28,848,131,16,4
32,Mexico,21.6345,-102.5528,2020-03-29,993,145,20,4
33,Mexico,21.6345,-102.5528,2020-03-30,1094,101,28,8
34,Mexico,21.6345,-102.5528,2020-03-31,1215,121,29,1
35,Mexico,21.6345,-102.5528,2020-04-01,1378,163,37,8
36,Mexico,21.6345,-102.5528,2020-04-02,1510,132,50,13
37,Mexico,21.6345,-102.5528,2020-04-03,1688,178,60,10
38,Mexico,21.6345,-102.5528,2020-04-04,1890,202,79,19
39,Mexico,21.6345,-102.5528,2020-04-05,2143,253,94,15
40,Mexico,21.6345,-102.5528,2020-04-06,2439,296,125,31
41,Mexico,21.6345,-102.5528,2020-04-07,2785,346,141,16
42,Mexico,21.6345,-102.5528,2020-04-08,3181,396,174,33
43,Mexico,21.6345,-102.5528,2020-04-09,3441,260,194,20
44,Mexico,21.6345,-102.5528,2020-04-10,3844,403,233,39
45,Mexico,21.6345,-102.5528,2020-04-11,4219,375,273,40
46,Mexico,21.6345,-102.5528,2020-04-12,4661,442,293,20
47,Mexico,21.6345,-102.5528,2020-04-13,5014,353,332,39
48,Mexico,21.6345,-102.5528,2020-04-14,5399,385,406,74
49,Mexico,21.6345,-102.5528,2020-04-15,5847,448,449,43
50,Mexico,21.6345,-102.5528,2020-04-16,6297,450,486,37
51,Mexico,21.6345,-102.5528,2020-04-17,6875,596,546,60
52,Mexico,21.6345,-102.5528,2020-04-18,7497,622,650,104
53,Mexico,21.6345,-102.5528,2020-04-19,8261,764,686,36
54,Mexico,21.6345,-102.5528,2020-04-20,8772,511,712,26
55,Mexico,21.6345,-102.5528,2020-04-21,9501,729,857,145
56,Mexico,21.6345,-102.5528,2020-04-22,10544,1043,970,113
57,Mexico,21.6345,-102.5528,2020-04-23,11633,1089,1069,99
58,Mexico,21.6345,-102.5528,2020-04-24,12872,1239,1221,152
59,Mexico,21.6345,-102.5528,2020-04-25,13842,970,1305,84
60,Mexico,21.6345,-102.5528,2020-04-26,14677,835,1351,46
61,Mexico,21.6345,-102.5528,2020-04-27,15529,852,1434,83
62,Mexico,21.6345,-102.5528,2020-04-28,16752,1223,1569,135
63,Mexico,21.6345,-102.5528,2020-04-29,17799,1047,1732,163
64,Mexico,21.6345,-102.5528,2020-04-30,19224,1425,1859,127
65,Mexico,21.6345,-102.5528,2020-05-01,20739,1515,1972,113
66,Mexico,21.6345,-102.5528,2020-05-02,22088,1349,2061,89
67,Mexico,21.6345,-102.5528,2020-05-03,23471,1383,2154,93
68,Mexico,21.6345,-102.5528,2020-05-04,24905,1434,2271,117
69,Mexico,21.6345,-102.5528,2020-05-05,26025,1120,2507,236
70,Mexico,21.6345,-102.5528,2020-05-06,27634,1609,2704,197
71,Mexico,21.6345,-102.5528,2020-05-07,29616,1982,2961,257
72,Mexico,21.6345,-102.5528,2020-05-08,31511,1895,3160,199
73,Mexico,21.6345,-102.5528,2020-05-09,33460,1949,3353,193
74,Mexico,21.6345,-102.5528,2020-05-10,35022,1562,3465,112
75,Mexico,21.6345,-102.5528,2020-05-11,36327,1305,3573,108
76,Mexico,21.6345,-102.5528,2020-05-12,38324,1997,3926,353
77,Mexico,21.6345,-102.5528,2020-05-13,40186,1862,4220,294
78,Mexico,21.6345,-102.5528,2020-05-14,42595,2409,4477,257
79,Mexico,21.6345,-102.5528,2020-05-15,45032,2437,4767,290
80,Mexico,21.6345,-102.5528,2020-05-16,47144,2112,5045,278
81,Mexico,21.6345,-102.5528,2020-05-17,49219,2075,5177,132
82,Mexico,21.6345,-102.5528,2020-05-18,51633,2414,5332,155
83,Mexico,21.6345,-102.5528,2020-05-19,54346,2713,5666,334
84,Mexico,21.6345,-102.5528,2020-05-20,56594,2248,6090,424
85,Mexico,21.6345,-102.5528,2020-05-21,59567,2973,6510,420
86,Mexico,21.6345,-102.5528,2020-05-22,62527,2960,6989,479
87,Mexico,21.6345,-102.5528,2020-05-23,65856,3329,7179,190
88,Mexico,21.6345,-102.5528,2020-05-24,68620,2764,7394,215
89,Mexico,21.6345,-102.5528,2020-05-25,71105,2485,7633,239
90,Mexico,21.6345,-102.5528,2020-05-26,74560,3455,8134,501
91,Mexico,21.6345,-102.5528,2020-05-27,78023,3463,8597,463
92,Mexico,21.6345,-102.5528,2020-05-28,81400,3377,9044,447
93,Mexico,21.6345,-102.5528,2020-05-29,84627,3227,9415,371
94,Mexico,21.6345,-102.5528,2020-05-30,87512,2885,9779,364
95,Mexico,21.6345,-102.5528,2020-05-31,90644,3132,9930,151
96,Mexico,21.6345,-102.5528,2020-06-01,93435,2791,10167,237
97,Mexico,21.6345,-102.5528,2020-06-02,97236,3801,10637,470
98,Mexico,21.6345,-102.5528,2020-06-03,101238,4002,11729,1092
99,Mexico,21.6345,-102.5528,2020-06-04,105680,4442,12545,816
100,Mexico,21.6345,-102.5528,2020-06-05,110026,4346,13170,625
101,Mexico,21.6345,-102.5528,2020-06-06,113619,3593,13511,341
102,Mexico,21.6345,-102.5528,2020-06-07,117103,3484,13699,188
103,Mexico,21.6345,-102.5528,2020-06-08,120102,2999,14053,354
104,Mexico,21.6345,-102.5528,2020-06-09,124301,4199,14649,596
105,Mexico,21.6345,-102.5528,2020-06-10,129184,4883,15357,708
106,Mexico,21.6345,-102.5528,2020-06-11,133974,4790,15944,587
107,Mexico,21.6345,-102.5528,2020-06-12,139196,5222,16448,504
108,Mexico,21.6345,-102.5528,2020-06-13,142690,3494,16872,424
109,Mexico,21.6345,-102.5528,2020-06-14,146837,4147,17141,269
110,Mexico,21.6345,-102.5528,2020-06-15,150264,3427,17850,709
111,Mexico,21.6345,-102.5528,2020-06-16,154863,4599,18310,460
112,Mexico,21.6345,-102.5528,2020-06-17,159793,4930,19080,770
113,Mexico,21.6345,-102.5528,2020-06-18,165455,5662,19747,667
114,Mexico,21.6345,-102.5528,2020-06-19,170485,5030,20394,647
115,Mexico,21.6345,-102.5528,2020-06-20,175202,4717,20781,387
116,Mexico,21.6345,-102.5528,2020-06-21,180545,5343,21825,1044
117,Mexico,21.6345,-102.5528,2020-06-22,185122,4577,22584,759
118,Mexico,21.6345,-102.5528,2020-06-23,191410,6288,23377,793
119,Mexico,21.6345,-102.5528,2020-06-24,196847,5437,24324,947
120,Mexico,21.6345,-102.5528,2020-06-25,202951,6104,25060,736
121,Mexico,21.6345,-102.5528,2020-06-26,208392,5441,25799,739
122,Mexico,21.6345,-102.5528,2020-06-27,212802,4410,26381,582
123,Mexico,21.6345,-102.5528,2020-06-28,216852,4050,26648,267
124,Mexico,21.6345,-102.5528,2020-06-29,220657,3805,27121,473
125,Mexico,21.6345,-102.5528,2020-06-30,226089,5432,27769,648
126,Mexico,21.6345,-102.5528,2020-07-01,231770,5681,28510,741
127,Mexico,21.6345,-102.5528,2020-07-02,238511,6741,29189,679
128,Mexico,21.6345,-102.5528,2020-07-03,245251,6740,29843,654
129,Mexico,21.6345,-102.5528,2020-07-04,252165,6914,30366,523
130,Mexico,21.6345,-102.5528,2020-07-05,256848,4683,30639,273
131,Mexico,21.6345,-102.5528,2020-07-06,261848,5000,31119,480
132,Mexico,21.6345,-102.5528,2020-07-07,268008,6160,32014,895
133,Mexico,21.6345,-102.5528,2020-07-08,275003,6995,32769,755
134,Mexico,21.6345,-102.5528,2020-07-09,282283,7280,33526,757
135,Mexico,21.6345,-102.5528,2020-07-10,289174,6891,34191,665
136,Mexico,21.6345,-102.5528,2020-07-11,295268,6094,34730,539
137,Mexico,21.6345,-102.5528,2020-07-12,299750,4482,35006,276
138,Mexico,21.6345,-102.5528,2020-07-13,304435,4685,35491,485
139,Mexico,21.6345,-102.5528,2020-07-14,311486,7051,36327,836
140,Mexico,21.6345,-102.5528,2020-07-15,317635,6149,36906,579
141,Mexico,21.6345,-102.5528,2020-07-16,324041,6406,37574,668
142,Mexico,21.6345,-102.5528,2020-07-17,331298,7257,38310,736
143,Mexico,21.6345,-102.5528,2020-07-18,338913,7615,38888,578
144,Mexico,21.6345,-102.5528,2020-07-19,344224,5311,39184,296
145,Mexico,21.6345,-102.5528,2020-07-20,349396,5172,39485,301
146,Mexico,21.6345,-102.5528,2020-07-21,356255,6859,40400,915
147,Mexico,21.6345,-102.5528,2020-07-22,362274,6019,41190,790
148,Mexico,21.6345,-102.5528,2020-07-23,370712,8438,41908,718
149,Mexico,21.6345,-102.5528,2020-07-24,378285,7573,42645,737
150,Mexico,21.6345,-102.5528,2020-07-25,385036,6751,43374,729
151,Mexico,21.6345,-102.5528,2020-07-26,390516,5480,43680,306
152,Mexico,21.6345,-102.5528,2020-07-27,395489,4973,44022,342
153,Mexico,21.6345,-102.5528,2020-07-28,402697,7208,44876,854
154,Mexico,21.6345,-102.5528,2020-07-29,408449,5752,45361,485
155,Mexico,21.6345,-102.5528,2020-02-30,416179,7730,46000,639
156,Mexico,21.6345,-102.5528,2020-07-31,424637,8458,46688,688
157,Mexico,21.6345,-102.5528,2020-08-01,434193,9556,47472,784
158,Mexico,21.6345,-102.5528,2020-08-02,439046,4853,47746,274
159,Mexico,21.6345,-102.5528,2020-08-03,443810,4764,48012,266
160,Mexico,21.6345,-102.5528,2020-08-04,449961,6151,48869,857
161,Mexico,21.6345,-102.5528,2020-08-05,456100,6139,49698,829
162,Mexico,21.6345,-102.5528,2020-08-06,462690,6590,50517,819
163,Mexico,21.6345,-102.5528,2020-08-07,469407,6717,51311,794
164,Mexico,21.6345,-102.5528,2020-08-08,475902,6495,52006,695
165,Mexico,21.6345,-102.5528,2020-08-09,480278,4376,52298,292
166,Mexico,21.6345,-102.5528,2020-08-10,485836,5558,53003,705
167,Mexico,21.6345,-102.5528,2020-08-11,492522,6686,53929,926
168,Mexico,21.6345,-102.5528,2020-08-12,498380,5858,54666,737
169,Mexico,21.6345,-102.5528,2020-08-13,505751,7371,55293,627
170,Mexico,21.6345,-102.5528,2020-08-14,511369,5618,55908,615
171,Mexico,21.6345,-102.5528,2020-08-15,517714,6345,56543,635
172,Mexico,21.6345,-102.5528,2020-08-16,522162,4448,56757,214
173,Mexico,21.6345,-102.5528,2020-08-17,525733,3571,57023,266
174,Mexico,21.6345,-102.5528,2020-08-18,531239,5506,57774,751
175,Mexico,21.6345,-102.5528,2020-08-19,537031,5792,58481,707
176,Mexico,21.6345,-102.5528,2020-08-20,543806,6775,59106,625
177,Mexico,21.6345,-102.5528,2020-08-21,549734,5928,59610,504
178,Mexico,21.6345,-102.5528,2020-08-22,556216,6482,60254,644
179,Mexico,21.6345,-102.5528,2020-08-23,560164,3948,60480,226
180,Mexico,21.6345,-102.5528,2020-08-24,563705,3541,60800,320
181,Mexico,21.6345,-102.5528,2020-08-25,568621,4916,61450,650
182,Mexico,21.6345,-102.5528,2020-08-26,573888,5267,62076,626
183,Mexico,21.6345,-102.5528,2020-08-27,579914,6026,62594,518
184,Mexico,21.6345,-102.5528,2020-08-28,585738,5824,63146,552
185,Mexico,21.6345,-102.5528,2020-08-29,591712,5974,63819,673
186,Mexico,21.6345,-102.5528,2020-08-30,595841,4129,64158,339
187,Mexico,21.6345,-102.5528,2020-08-31,599560,3719,64414,256
188,Mexico,21.6345,-102.5528,2020-09-01,606036,6476,65241,827
189,Mexico,21.6345,-102.5528,2020-09-02,610816,4780,65816,575
190,Mexico,21.6345,-102.5528,2020-09-03,616894,6078,66329,513
191,Mexico,21.6345,-102.5528,2020-09-04,623090,6196,66851,522
192,Mexico,21.6345,-102.5528,2020-09-05,629409,6319,67326,475
193,Mexico,21.6345,-102.5528,2020-09-06,634023,4614,67558,232
194,Mexico,21.6345,-102.5528,2020-09-07,637509,3486,67781,223
195,Mexico,21.6345,-102.5528,2020-09-08,642860,5351,68484,703
196,Mexico,21.6345,-102.5528,2020-09-09,647507,4647,69095,611
197,Mexico,21.6345,-102.5528,2020-09-10,652364,4857,69649,554
198,Mexico,21.6345,-102.5528,2020-09-11,658299,5935,70183,534
199,Mexico,21.6345,-102.5528,2020-09-12,663973,5674,70604,421
200,Mexico,21.6345,-102.5528,2020-09-13,668381,4408,70821,217
201,Mexico,21.6345,-102.5528,2020-09-14,671716,3335,71049,228
202,Mexico,21.6345,-102.5528,2020-09-15,676487,4771,71648,599
203,Mexico,21.6345,-102.5528,2020-09-16,680931,4444,71978,330
204,Mexico,21.6345,-102.5528,2020-09-17,684113,3182,72179,201
205,Mexico,21.6345,-102.5528,2020-09-18,688954,4841,72803,624
206,Mexico,21.6345,-102.5528,2020-09-19,694121,5167,73258,455
207,Mexico,21.6345,-102.5528,2020-09-20,697663,3542,73493,235
208,Mexico,21.6345,-102.5528,2020-09-21,700580,2917,73697,204
209,Mexico,21.6345,-102.5528,2020-09-22,705263,4683,74348,651
210,Mexico,21.6345,-102.5528,2020-09-23,710049,4786,74949,601
211,Mexico,21.6345,-102.5528,2020-09-24,715457,5408,75439,490
212,Mexico,21.6345,-102.5528,2020-09-25,720858,5401,75844,405
213,Mexico,21.6345,-102.5528,2020-09-26,726431,5573,76243,399
214,Mexico,21.6345,-102.5528,2020-09-27,730317,3886,76430,187
215,Mexico,21.6345,-102.5528,2020-09-28,733717,3400,76603,173
216,Mexico,21.6345,-102.5528,2020-09-29,738163,4446,77163,560
217,Mexico,21.6345,-102.5528,2020-09-30,743216,5053,77646,483
218,Mexico,21.6345,-102.5528,2020-10-01,748315,5099,78078,432
219,Mexico,21.6345,-102.5528,2020-10-02,753090,4775,78492,414
220,Mexico,21.6345,-102.5528,2020-10-03,757953,4863,78880,388
221,Mexico,21.6345,-102.5528,2020-10-04,761665,3712,79088,208
222,Mexico,21.6345,-102.5528,2020-10-05,789780,28115,81877,2789
223,Mexico,21.6345,-102.5528,2020-10-06,794608,4828,82348,471
224,Mexico,21.6345,-102.5528,2020-10-07,799188,4580,82726,378
225,Mexico,21.6345,-102.5528,2020-10-08,804488,5300,83096,370
226,Mexico,21.6345,-102.5528,2020-10-09,809751,5263,83507,411
227,Mexico,21.6345,-102.5528,2020-10-10,814328,4577,83642,135
228,Mexico,21.6345,-102.5528,2020-10-11,817503,3175,83781,139
229,Mexico,21.6345,-102.5528,2020-10-12,821045,3542,83945,164
230,Mexico,21.6345,-102.5528,2020-10-13,825340,4295,84420,475
231,Mexico,21.6345,-102.5528,2020-10-14,829396,4056,84898,478
232,Mexico,21.6345,-102.5528,2020-10-15,834910,5514,85285,387
233,Mexico,21.6345,-102.5528,2020-10-16,841661,6751,85704,419
234,Mexico,21.6345,-102.5528,2020-10-17,847108,5447,86059,355
235,Mexico,21.6345,-102.5528,2020-10-18,851227,4119,86167,108
236,Mexico,21.6345,-102.5528,2020-10-19,854926,3699,86338,171
237,Mexico,21.6345,-102.5528,2020-10-20,860714,5788,86893,555
238,Mexico,21.6345,-102.5528,2020-10-21,867559,6845,87415,522
239,Mexico,21.6345,-102.5528,2020-10-22,874171,6612,87894,479
240,Mexico,21.6345,-102.5528,2020-10-23,880775,6604,88312,418
241,Mexico,21.6345,-102.5528,2020-10-24,886800,6025,88743,431
242,Mexico,21.6345,-102.5528,2020-10-25,891160,4360,88924,181
243,Mexico,21.6345,-102.5528,2020-10-26,895326,4166,89171,247
244,Mexico,21.6345,-102.5528,2020-10-27,901268,5942,89814,643
245,Mexico,21.6345,-102.5528,2020-10-28,906863,5595,90309,495
246,Mexico,21.6345,-102.5528,2020-10-29,912811,5948,90773,464
247,Mexico,21.6345,-102.5528,2020-10-30,918811,6000,91289,516
248,Mexico,21.6345,-102.5528,2020-10-31,924962,6151,91753,464
249,Mexico,21.6345,-102.5528,2020-11-01,929392,4430,91895,142
250,Mexico,21.6345,-102.5528,2020-11-02,933155,3763,92100,205
251,Mexico,21.6345,-102.5528,2020-11-03,938405,5250,92593,493
252,Mexico,21.6345,-102.5528,2020-11-04,943630,5225,93228,635
253,Mexico,21.6345,-102.5528,2020-11-05,949197,5567,93772,544
254,Mexico,21.6345,-102.5528,2020-11-06,955128,5931,94323,551
255,Mexico,21.6345,-102.5528,2020-11-07,961938,6810,94808,485
256,Mexico,21.6345,-102.5528,2020-11-08,967825,5887,95027,219
257,Mexico,21.6345,-102.5528,2020-11-09,972785,4960,95225,198
258,Mexico,21.6345,-102.5528,2020-11-10,978531,5746,95842,617
259,Mexico,21.6345,-102.5528,2020-11-11,986177,7646,96430,588
260,Mexico,21.6345,-102.5528,2020-11-12,991835,5658,97056,626
261,Mexico,21.6345,-102.5528,2020-11-13,997393,5558,97624,568
262,Mexico,21.6345,-102.5528,2020-11-14,1003253,5860,98259,635
263,Mexico,21.6345,-102.5528,2020-11-15,1006522,3269,98542,283
264,Mexico,21.6345,-102.5528,2020-11-16,1009396,2874,98861,319
265,Mexico,21.6345,-102.5528,2020-11-17,1011153,1757,99026,165
266,Mexico,21.6345,-102.5528,2020-11-18,1015071,3918,99528,502
267,Mexico,21.6345,-102.5528,2020-11-19,1019543,4472,100104,576
268,Mexico,21.6345,-102.5528,2020-11-20,1025969,6426,100823,719
269,Mexico,21.6345,-102.5528,2020-11-21,1032688,6719,101373,550
270,Mexico,21.6345,-102.5528,2020-11-22,1041875,9187,101676,303
271,Mexico,21.6345,-102.5528,2020-11-23,1049358,7483,101926,250
272,Mexico,21.6345,-102.5528,2020-11-24,1060152,10794,102739,813
273,Mexico,21.6345,-102.5528,2020-11-25,1070487,10335,103597,858
274,Mexico,21.6345,-102.5528,2020-11-26,1078594,8107,104242,645
275,Mexico,21.6345,-102.5528,2020-11-27,1090675,12081,104873,631
276,Mexico,21.6345,-102.5528,2020-11-28,1100683,10008,105459,586
277,Mexico,21.6345,-102.5528,2020-11-29,1107071,6388,105655,196
278,Mexico,21.6345,-102.5528,2020-11-30,1113543,6472,105940,285
279,Mexico,21.6345,-102.5528,2020-12-01,1122362,8819,106765,825
280,Mexico,21.6345,-102.5528,2020-12-02,1133613,11251,107565,800
281,Mexico,21.6345,-102.5528,2020-12-03,1144643,11030,108173,608
282,Mexico,21.6345,-102.5528,2020-12-04,1156770,12127,108863,690
283,Mexico,21.6345,-102.5528,2020-12-05,1168395,11625,109456,593
284,Mexico,21.6345,-102.5528,2020-12-06,1175850,7455,109717,261
285,Mexico,21.6345,-102.5528,2020-12-07,1182249,6399,110074,357
286,Mexico,21.6345,-102.5528,2020-12-08,1193255,11006,110874,800
287,Mexico,21.6345,-102.5528,2020-12-09,1205229,11974,111655,781
288,Mexico,21.6345,-102.5528,2020-12-10,1217126,11897,112326,671
289,Mexico,21.6345,-102.5528,2020-12-11,1229379,12253,113019,693
290,Mexico,21.6345,-102.5528,2020-12-12,1241436,12057,113704,685
291,Mexico,21.6345,-102.5528,2020-12-13,1250044,8608,113953,249
292,Mexico,21.6345,-102.5528,2020-12-14,1255974,5930,114298,345
293,Mexico,21.6345,-102.5528,2020-12-15,1267202,11228,115099,801
294,Mexico,21.6345,-102.5528,2020-12-16,1277499,10297,115769,670
295,Mexico,21.6345,-102.5528,2020-12-17,1289298,11799,116487,718
296,Mexico,21.6345,-102.5528,2020-12-18,1301546,12248,117249,762
297,Mexico,21.6345,-102.5528,2020-12-19,1313675,12129,117876,627
298,Mexico,21.6345,-102.5528,2020-12-20,1320545,6870,118202,326
299,Mexico,21.6345,-102.5528,2020-12-21,1325915,5370,118598,396
300,Mexico,21.6345,-102.5528,2020-12-22,1338426,12511,119495,897
301,Mexico,21.6345,-102.5528,2020-12-23,1350079,11653,120311,816
302,Mexico,21.6345,-102.5528,2020-12-24,1362564,12485,121172,861
303,Mexico,21.6345,-102.5528,2020-12-25,1372243,9679,121837,665
304,Mexico,21.6345,-102.5528,2020-12-26,1377217,4974,122026,189
305,Mexico,21.6345,-102.5528,2020-12-27,1383434,6217,122426,400
306,Mexico,21.6345,-102.5528,2020-12-28,1389430,5996,122855,429
307,Mexico,21.6345,-102.5528,2020-12-29,1401529,12099,123845,990
308,Mexico,21.6345,-102.5528,2020-12-30,1413935,12406,124897,1052
309,Mexico,21.6345,-102.5528,2020-12-31,1426094,12159,125807,910
310,Mexico,21.6345,-102.5528,2021-01-01,1437185,11091,126507,700
